10
90
0 1 0.29
0 2 0.21
0 3 0.36
0 4 0.01
0 5 0.93
0 6 0.48
0 7 0.17
0 8 0.64
0 9 0.43
1 0 0.49
1 2 0.8
1 3 0.02
1 4 0.98
1 5 0.53
1 6 0.55
1 7 0.25
1 8 0.04
1 9 0.76
2 0 0.32
2 1 0.73
2 3 0.9
2 4 0.82
2 5 0.06
2 6 0.23
2 7 0.59
2 8 0.13
2 9 0.56
3 0 0.62
3 1 0.78
3 2 0.05
3 4 0.56
3 5 0.63
3 6 0.79
3 7 0.17
3 8 0.38
3 9 0.55
4 0 0.02
4 1 0.54
4 2 0.59
4 3 0.14
4 5 0.22
4 6 0.96
4 7 0.2
4 8 0.06
4 9 0.06
5 0 0.97
5 1 0.42
5 2 0.62
5 3 0.67
5 4 0.69
5 6 0.16
5 7 0.15
5 8 0.66
5 9 0.36
6 0 0.88
6 1 0.3
6 2 0.95
6 3 0.52
6 4 0.87
6 5 0.73
6 7 0.7
6 8 0.64
6 9 0.29
7 0 0.29
7 1 0.78
7 2 0.0
7 3 0.64
7 4 0.79
7 5 0.33
7 6 0.58
7 8 0.24
7 9 0.04
8 0 0.27
8 1 0.02
8 2 0.82
8 3 0.71
8 4 0.52
8 5 0.75
8 6 0.52
8 7 0.82
8 9 0.73
9 0 0.49
9 1 0.82
9 2 0.53
9 3 0.44
9 4 0.0
9 5 0.53
9 6 0.58
9 7 0.88
9 8 0.49
